+-------+--------+------+---------+--------+
| Index | Memory | CPU  | Runtime |  Cost  |
+-------+--------+------+---------+--------+
|   0   |   16   | 0.25 |   2001  | 32.016 |
|   1   |   16   | 0.5  |   825   |  13.2  |
|   2   |   16   | 0.75 |   601   | 9.616  |
|   3   |   16   | 1.0  |   548   | 8.768  |
|   4   |   16   | 1.25 |   423   | 6.768  |
|   5   |   16   | 1.5  |   434   | 6.944  |
|   6   |   16   | 1.75 |   444   | 7.104  |
|   7   |   16   | 2.0  |   445   |  7.12  |
+-------+--------+------+---------+--------+