+-------+--------+------+---------+--------+
| Index | Memory | CPU  | Runtime |  Cost  |
+-------+--------+------+---------+--------+
|   0   |   32   |  1   |   461   | 14.752 |
|   1   |   32   | 0.25 |   1716  | 54.912 |
|   2   |   32   | 0.5  |   885   | 28.32  |
|   3   |   32   | 0.75 |   586   | 18.752 |
|   4   |   32   | 1.0  |   446   | 14.272 |
|   5   |   32   | 1.25 |   445   | 14.24  |
|   6   |   32   | 1.5  |   398   | 12.736 |
|   7   |   32   | 1.75 |   390   | 12.48  |
|   8   |   32   | 2.0  |   446   | 14.272 |
+-------+--------+------+---------+--------+